1 0.5515625 0.361328125 0.14375 0.427734375
2 0.0 0.47265625 0.03125 0.091796875
1 0.35 0.41796875 0.0671875 0.25390625
5 0.0859375 0.48828125 0.025 0.041015625
5 0.66875 0.466796875 0.2359375 0.166015625
1 0.215625 0.44140625 0.109375 0.2578125
6 0.184375 0.474609375 0.0546875 0.056640625
5 0.115625 0.48828125 0.0671875 0.044921875
3 0.3109375 0.51171875 0.1015625 0.08984375
1 0.409375 0.31640625 0.125 0.521484375
7 0.553125 0.484375 0.0234375 0.041015625
7 0.734375 0.41796875 0.2640625 0.197265625
