1 0.3078125 0.453125 0.03125 0.06640625
6 0.1375 0.474609375 0.053125 0.05859375
5 0.0609375 0.48828125 0.08125 0.048828125
3 0.2734375 0.517578125 0.0765625 0.09375
5 0.6375 0.470703125 0.2015625 0.158203125
7 0.6875 0.419921875 0.3109375 0.181640625
5 0.925 0.51171875 0.0734375 0.0546875
7 0.5265625 0.484375 0.0328125 0.052734375
1 0.515625 0.357421875 0.1578125 0.4609375
1 0.334375 0.41015625 0.065625 0.27734375
1 0.18125 0.435546875 0.1171875 0.265625
5 0.0359375 0.48828125 0.034375 0.044921875
1 0.3984375 0.314453125 0.1359375 0.564453125
