5 0.0828125 0.48046875 0.028125 0.04296875
1 0.35625 0.40625 0.0609375 0.259765625
1 0.41875 0.30859375 0.1265625 0.533203125
1 0.5515625 0.357421875 0.15625 0.44921875
5 0.665625 0.462890625 0.2296875 0.162109375
7 0.725 0.412109375 0.2734375 0.185546875
5 0.11875 0.48046875 0.065625 0.044921875
1 0.215625 0.4296875 0.1109375 0.263671875
1 0.34375 0.4453125 0.0265625 0.060546875
5 0.98125 0.521484375 0.0171875 0.02734375
7 0.55 0.474609375 0.0265625 0.04296875
6 0.18125 0.46484375 0.0546875 0.056640625
3 0.3078125 0.505859375 0.1078125 0.09375
