1 0.4078125 0.318359375 0.1359375 0.564453125
5 0.053125 0.486328125 0.034375 0.044921875
5 0.65 0.47265625 0.20625 0.158203125
7 0.534375 0.486328125 0.0390625 0.05078125
1 0.1921875 0.435546875 0.1171875 0.265625
1 0.34375 0.416015625 0.0625 0.2734375
1 0.321875 0.455078125 0.0296875 0.064453125
3 0.2859375 0.517578125 0.0765625 0.08984375
1 0.525 0.361328125 0.1578125 0.4609375
5 0.9421875 0.525390625 0.05625 0.046875
7 0.696875 0.423828125 0.3015625 0.181640625
6 0.1546875 0.474609375 0.0515625 0.056640625
5 0.078125 0.48828125 0.08125 0.046875
