5 0.115625 0.478515625 0.0296875 0.04296875
7 0.7703125 0.408203125 0.228125 0.201171875
5 0.5078125 0.4921875 0.04375 0.046875
1 0.2484375 0.435546875 0.0921875 0.236328125
5 0.6625 0.458984375 0.303125 0.177734375
6 0.209375 0.46484375 0.0546875 0.056640625
1 0.4140625 0.322265625 0.1203125 0.48046875
1 0.5484375 0.361328125 0.125 0.404296875
1 0.3484375 0.416015625 0.0609375 0.236328125
5 0.1375 0.478515625 0.075 0.046875
2 0.0 0.466796875 0.0546875 0.09375
3 0.3328125 0.5 0.0875 0.095703125
