7 0.6453125 0.47265625 0.034375 0.0625
5 0.103125 0.46875 0.0296875 0.046875
5 0.5046875 0.486328125 0.0359375 0.052734375
1 0.3578125 0.439453125 0.0296875 0.06640625
3 0.321875 0.509765625 0.0625 0.1015625
6 0.2125 0.453125 0.021875 0.060546875
1 0.375 0.33984375 0.10625 0.4296875
7 0.8859375 0.375 0.1125 0.08203125
1 0.2078125 0.42578125 0.1109375 0.251953125
2 0.0 0.484375 0.0265625 0.0546875
5 0.121875 0.46875 0.0796875 0.05078125
1 0.50625 0.373046875 0.1328125 0.37109375
5 0.721875 0.443359375 0.2765625 0.275390625
