1 0.2984375 0.3984375 0.0796875 0.287109375
1 0.1375 0.427734375 0.1203125 0.2734375
5 0.871875 0.501953125 0.1265625 0.05859375
1 0.49375 0.345703125 0.1390625 0.45703125
5 0.6203125 0.466796875 0.16875 0.154296875
7 0.646875 0.419921875 0.2921875 0.1796875
6 0.0921875 0.466796875 0.053125 0.0625
1 0.371875 0.298828125 0.1359375 0.564453125
3 0.23125 0.509765625 0.0890625 0.099609375
5 0.0078125 0.482421875 0.084375 0.05078125
1 0.265625 0.4453125 0.0421875 0.06640625
5 0.0 0.482421875 0.0171875 0.044921875
