1 0.5453125 0.380859375 0.134375 0.40625
1 0.346875 0.431640625 0.05625 0.224609375
6 0.2125 0.4765625 0.05 0.056640625
1 0.25 0.451171875 0.096875 0.236328125
3 0.3375 0.513671875 0.08125 0.09375
2 0.0 0.47265625 0.0640625 0.09765625
5 0.1421875 0.490234375 0.075 0.046875
1 0.4109375 0.34375 0.1203125 0.490234375
5 0.51875 0.505859375 0.0328125 0.046875
7 0.7734375 0.41796875 0.225 0.205078125
1 0.3828125 0.462890625 0.03125 0.048828125
5 0.6546875 0.474609375 0.3234375 0.181640625
5 0.11875 0.4921875 0.03125 0.044921875
