1 0.103125 0.4140625 0.13125 0.33984375
6 0.2140625 0.462890625 0.059375 0.056640625
5 0.8984375 0.4296875 0.1 0.31640625
5 0.084375 0.478515625 0.0125 0.05859375
1 0.1171875 0.423828125 0.040625 0.171875
7 0.58125 0.466796875 0.140625 0.08203125
5 0.0953125 0.478515625 0.0234375 0.056640625
1 0.3234375 0.43359375 0.0390625 0.091796875
1 0.4640625 0.375 0.1015625 0.392578125
1 0.3515625 0.32421875 0.1296875 0.537109375
5 0.559375 0.494140625 0.0609375 0.064453125
3 0.271875 0.525390625 0.103125 0.1484375
