6 0.1859375 0.474609375 0.0546875 0.056640625
1 0.4046875 0.31640625 0.125 0.521484375
7 0.5578125 0.484375 0.021875 0.041015625
7 0.7390625 0.41796875 0.259375 0.197265625
1 0.2234375 0.439453125 0.10625 0.2578125
3 0.315625 0.513671875 0.103125 0.09375
5 0.090625 0.48828125 0.0328125 0.041015625
1 0.5515625 0.361328125 0.1453125 0.4296875
5 0.6703125 0.46875 0.240625 0.166015625
5 0.11875 0.48828125 0.06875 0.044921875
1 0.3484375 0.421875 0.0671875 0.25390625
2 0.0 0.474609375 0.0328125 0.091796875
