5 0.08125 0.47265625 0.0203125 0.0546875
5 0.5609375 0.5 0.0359375 0.048828125
1 0.359375 0.333984375 0.1078125 0.48046875
5 0.090625 0.47265625 0.0375 0.0546875
1 0.459375 0.373046875 0.1234375 0.380859375
5 0.7984375 0.427734375 0.2 0.265625
3 0.2828125 0.521484375 0.0890625 0.12890625
7 0.56875 0.46484375 0.0890625 0.076171875
1 0.1546875 0.4140625 0.128125 0.294921875
6 0.234375 0.458984375 0.0359375 0.052734375
1 0.121875 0.41015625 0.05 0.2421875
1 0.3296875 0.435546875 0.0390625 0.080078125
