1 0.1625 0.412109375 0.11875 0.2890625
5 0.5640625 0.498046875 0.03125 0.046875
3 0.290625 0.5078125 0.0890625 0.12890625
5 0.0953125 0.462890625 0.040625 0.0546875
5 0.7875 0.423828125 0.2109375 0.255859375
1 0.3375 0.435546875 0.0296875 0.0703125
5 0.084375 0.462890625 0.025 0.052734375
7 0.5734375 0.458984375 0.08125 0.076171875
1 0.4640625 0.369140625 0.1234375 0.380859375
6 0.234375 0.451171875 0.0375 0.052734375
1 0.3578125 0.33203125 0.1046875 0.462890625
1 0.1203125 0.400390625 0.0625 0.2421875
