1 0.3328125 0.443359375 0.059375 0.2109375
5 0.125 0.49609375 0.0328125 0.046875
7 0.8 0.423828125 0.1984375 0.12890625
5 0.1484375 0.49609375 0.071875 0.046875
6 0.2234375 0.48046875 0.05 0.056640625
1 0.253125 0.455078125 0.0953125 0.232421875
3 0.3796875 0.52734375 0.0546875 0.0859375
5 0.5109375 0.51171875 0.053125 0.048828125
5 0.6609375 0.478515625 0.3375 0.197265625
1 0.403125 0.369140625 0.1140625 0.455078125
1 0.384375 0.474609375 0.03125 0.052734375
1 0.5515625 0.400390625 0.1171875 0.388671875
2 0.0 0.482421875 0.0640625 0.091796875
