2 0.0 0.484375 0.034375 0.072265625
7 0.640625 0.48046875 0.0390625 0.0625
1 0.5140625 0.38671875 0.1328125 0.3828125
6 0.2171875 0.458984375 0.0328125 0.060546875
1 0.2203125 0.43359375 0.1015625 0.240234375
5 0.109375 0.474609375 0.0296875 0.048828125
1 0.3609375 0.44921875 0.0359375 0.0625
5 0.128125 0.474609375 0.0796875 0.05078125
1 0.384375 0.35546875 0.109375 0.435546875
5 0.503125 0.490234375 0.0421875 0.05859375
5 0.7140625 0.451171875 0.284375 0.271484375
7 0.875 0.39453125 0.1234375 0.076171875
3 0.328125 0.513671875 0.0703125 0.1015625
