6 0.228125 0.470703125 0.04375 0.056640625
5 0.6828125 0.466796875 0.315625 0.2109375
7 0.6484375 0.486328125 0.0203125 0.052734375
7 0.821875 0.41015625 0.1765625 0.123046875
5 0.128125 0.484375 0.03125 0.046875
2 0.0 0.466796875 0.065625 0.091796875
1 0.53125 0.38671875 0.125 0.3828125
1 0.2453125 0.4453125 0.096875 0.234375
1 0.3375 0.43359375 0.046875 0.20703125
5 0.5125 0.5 0.05625 0.052734375
5 0.146875 0.484375 0.0765625 0.046875
1 0.38125 0.462890625 0.04375 0.0546875
3 0.371875 0.517578125 0.0484375 0.064453125
1 0.4125 0.3515625 0.1078125 0.447265625
