6 0.2203125 0.453125 0.040625 0.05859375
5 0.13125 0.466796875 0.0796875 0.05078125
1 0.365625 0.443359375 0.0421875 0.060546875
5 0.50625 0.486328125 0.0421875 0.0546875
3 0.334375 0.505859375 0.0703125 0.09765625
7 0.871875 0.384765625 0.1265625 0.0859375
2 0.0 0.44921875 0.040625 0.099609375
5 0.7109375 0.4453125 0.2875 0.26171875
1 0.2265625 0.42578125 0.0921875 0.2421875
1 0.5109375 0.37109375 0.13125 0.380859375
7 0.6390625 0.470703125 0.040625 0.064453125
1 0.39375 0.33984375 0.109375 0.435546875
1 0.2765625 0.4140625 0.0328125 0.091796875
5 0.1140625 0.466796875 0.0296875 0.048828125
