2 0.0 0.4609375 0.1421875 0.123046875
1 0.2703125 0.4140625 0.1484375 0.404296875
1 0.4703125 0.41796875 0.084375 0.2890625
1 0.659375 0.3828125 0.1171875 0.40234375
5 0.7625 0.486328125 0.0875 0.080078125
5 0.2359375 0.4765625 0.053125 0.048828125
1 0.54375 0.33984375 0.1296875 0.537109375
1 0.3078125 0.439453125 0.03125 0.0546875
7 0.7765625 0.447265625 0.20625 0.103515625
5 0.25625 0.478515625 0.0484375 0.03515625
6 0.375 0.462890625 0.075 0.072265625
3 0.1859375 0.515625 0.2484375 0.150390625
