1 0.371875 0.341796875 0.10625 0.4296875
7 0.8859375 0.369140625 0.1125 0.0859375
5 0.1015625 0.46875 0.0296875 0.046875
2 0.0 0.486328125 0.0234375 0.052734375
1 0.35625 0.44140625 0.0265625 0.064453125
5 0.7203125 0.443359375 0.278125 0.275390625
5 0.121875 0.466796875 0.0796875 0.05078125
3 0.3203125 0.50390625 0.0609375 0.107421875
6 0.2109375 0.451171875 0.0171875 0.0546875
7 0.6453125 0.470703125 0.0328125 0.0625
1 0.503125 0.37109375 0.1328125 0.376953125
5 0.50625 0.486328125 0.0328125 0.052734375
1 0.203125 0.423828125 0.1140625 0.255859375
