5 0.3546875 0.490234375 0.01875 0.04296875
1 0.2734375 0.39453125 0.0984375 0.30078125
7 0.4765625 0.474609375 0.0234375 0.052734375
5 0.840625 0.498046875 0.1578125 0.0546875
5 0.6015625 0.462890625 0.159375 0.1484375
1 0.4890625 0.337890625 0.134375 0.478515625
5 0.00625 0.4765625 0.0546875 0.05078125
6 0.0578125 0.458984375 0.053125 0.0625
1 0.35 0.2890625 0.1421875 0.5859375
3 0.2109375 0.505859375 0.0890625 0.095703125
7 0.61875 0.4140625 0.2796875 0.171875
1 0.2375 0.4375 0.0421875 0.06640625
1 0.1078125 0.419921875 0.125 0.287109375
