1 0.478125 0.421875 0.0734375 0.2890625
3 0.1765625 0.5234375 0.2515625 0.150390625
7 0.7765625 0.44921875 0.20625 0.103515625
1 0.5453125 0.34375 0.1265625 0.517578125
1 0.271875 0.4140625 0.14375 0.408203125
1 0.3 0.443359375 0.0375 0.064453125
2 0.0 0.46484375 0.140625 0.123046875
5 0.25625 0.486328125 0.0484375 0.03515625
5 0.7640625 0.490234375 0.0875 0.080078125
6 0.3765625 0.46484375 0.0734375 0.072265625
5 0.2359375 0.48046875 0.053125 0.048828125
1 0.6484375 0.384765625 0.121875 0.404296875
