5 0.509375 0.501953125 0.053125 0.05078125
5 0.66875 0.46484375 0.3296875 0.193359375
1 0.4046875 0.34765625 0.1140625 0.455078125
2 0.0 0.46875 0.06875 0.09375
1 0.25 0.447265625 0.1 0.236328125
1 0.384375 0.4609375 0.0328125 0.052734375
5 0.1265625 0.486328125 0.03125 0.044921875
3 0.3453125 0.513671875 0.0859375 0.08984375
7 0.7953125 0.4140625 0.203125 0.1328125
1 0.5484375 0.380859375 0.1328125 0.38671875
6 0.2234375 0.47265625 0.05 0.056640625
5 0.15 0.486328125 0.071875 0.046875
1 0.3359375 0.43359375 0.0578125 0.21875
