2 0.0 0.453125 0.0625 0.09375
1 0.38125 0.451171875 0.0359375 0.0546875
7 0.6484375 0.474609375 0.0234375 0.0546875
1 0.5359375 0.37890625 0.1296875 0.38671875
1 0.234375 0.431640625 0.1046875 0.23828125
1 0.40625 0.34375 0.1078125 0.447265625
7 0.8328125 0.396484375 0.165625 0.119140625
5 0.14375 0.47265625 0.0765625 0.046875
5 0.6859375 0.453125 0.3125 0.216796875
5 0.1265625 0.47265625 0.0296875 0.046875
5 0.50625 0.48828125 0.0625 0.052734375
3 0.3625 0.50390625 0.0546875 0.0703125
6 0.228125 0.458984375 0.0453125 0.05859375
1 0.3171875 0.423828125 0.0828125 0.20703125
