7 0.878125 0.388671875 0.1203125 0.076171875
3 0.325 0.5078125 0.0703125 0.1015625
5 0.125 0.470703125 0.0796875 0.05078125
1 0.3875 0.34765625 0.1015625 0.4375
1 0.5140625 0.380859375 0.1328125 0.3828125
5 0.503125 0.484375 0.0421875 0.05859375
1 0.2171875 0.4296875 0.1078125 0.248046875
2 0.0 0.48046875 0.03125 0.06640625
5 0.1078125 0.46875 0.0296875 0.048828125
1 0.359375 0.44140625 0.034375 0.064453125
6 0.215625 0.453125 0.0328125 0.060546875
7 0.640625 0.47265625 0.0390625 0.0625
5 0.7140625 0.443359375 0.284375 0.271484375
