7 0.7875 0.408203125 0.2109375 0.13671875
3 0.34375 0.5078125 0.0734375 0.091796875
6 0.2203125 0.46875 0.05 0.056640625
1 0.334375 0.4296875 0.0671875 0.21875
5 0.146875 0.482421875 0.071875 0.046875
1 0.40625 0.341796875 0.1078125 0.458984375
5 0.1234375 0.482421875 0.03125 0.044921875
1 0.5484375 0.375 0.1328125 0.38671875
2 0.0 0.4609375 0.065625 0.095703125
5 0.6609375 0.4609375 0.3375 0.193359375
5 0.5078125 0.49609375 0.053125 0.05078125
1 0.38125 0.455078125 0.0328125 0.052734375
1 0.246875 0.443359375 0.1 0.236328125
