5 0.8859375 0.42578125 0.1125 0.31640625
5 0.0953125 0.474609375 0.0265625 0.060546875
5 0.559375 0.4921875 0.0578125 0.064453125
6 0.2125 0.458984375 0.059375 0.056640625
3 0.275 0.525390625 0.1 0.142578125
7 0.578125 0.462890625 0.1375 0.083984375
1 0.1109375 0.412109375 0.13125 0.33984375
5 0.0859375 0.474609375 0.0125 0.05859375
1 0.3265625 0.43359375 0.03125 0.083984375
1 0.1171875 0.423828125 0.0453125 0.236328125
1 0.4515625 0.373046875 0.115625 0.384765625
1 0.346875 0.3203125 0.1265625 0.53125
