1 0.2953125 0.447265625 0.034375 0.06640625
5 0.021875 0.484375 0.034375 0.044921875
1 0.3265625 0.408203125 0.065625 0.27734375
1 0.3890625 0.306640625 0.1359375 0.564453125
1 0.1671875 0.431640625 0.1203125 0.271484375
3 0.2625 0.513671875 0.078125 0.09375
7 0.6703125 0.419921875 0.3171875 0.181640625
1 0.5078125 0.3515625 0.153125 0.4609375
5 0.628125 0.470703125 0.1953125 0.158203125
6 0.1234375 0.46875 0.053125 0.0625
5 0.9078125 0.5078125 0.090625 0.05859375
5 0.0453125 0.484375 0.0828125 0.05078125
