6 0.2265625 0.453125 0.0421875 0.05859375
1 0.228125 0.4296875 0.1078125 0.23828125
2 0.0 0.44921875 0.059375 0.095703125
7 0.6515625 0.46875 0.021875 0.0546875
1 0.40625 0.337890625 0.1078125 0.43359375
5 0.6875 0.447265625 0.3109375 0.224609375
1 0.3765625 0.4453125 0.040625 0.056640625
1 0.5359375 0.3671875 0.1296875 0.38671875
3 0.353125 0.5 0.0609375 0.091796875
5 0.5015625 0.48046875 0.053125 0.052734375
5 0.125 0.46875 0.0296875 0.046875
5 0.1421875 0.46875 0.078125 0.046875
1 0.3109375 0.421875 0.0875 0.20703125
7 0.8375 0.388671875 0.1609375 0.12109375
