1 0.3234375 0.4296875 0.0421875 0.087890625
3 0.26875 0.517578125 0.1 0.150390625
5 0.559375 0.490234375 0.0609375 0.064453125
6 0.2125 0.458984375 0.06875 0.056640625
7 0.5796875 0.4609375 0.1453125 0.08203125
5 0.0890625 0.474609375 0.028125 0.056640625
1 0.1125 0.419921875 0.040625 0.171875
5 0.084375 0.474609375 0.009375 0.05859375
1 0.0984375 0.408203125 0.134375 0.345703125
1 0.3609375 0.31640625 0.1265625 0.53515625
1 0.4671875 0.369140625 0.1015625 0.39453125
5 0.90625 0.427734375 0.0921875 0.31640625
