1 0.3578125 0.326171875 0.109375 0.466796875
1 0.11875 0.400390625 0.0609375 0.240234375
1 0.4609375 0.3671875 0.1234375 0.380859375
7 0.571875 0.458984375 0.0828125 0.076171875
6 0.2359375 0.44921875 0.0359375 0.0546875
1 0.159375 0.41015625 0.125 0.294921875
1 0.3359375 0.4296875 0.034375 0.078125
5 0.5625 0.494140625 0.0359375 0.048828125
5 0.0828125 0.462890625 0.0234375 0.056640625
5 0.796875 0.42578125 0.2015625 0.255859375
3 0.284375 0.509765625 0.0890625 0.12890625
5 0.09375 0.462890625 0.0375 0.0546875
