5 0.0859375 0.47265625 0.0125 0.05859375
3 0.275 0.521484375 0.1 0.142578125
1 0.325 0.431640625 0.03125 0.083984375
1 0.115625 0.419921875 0.0453125 0.236328125
7 0.578125 0.458984375 0.1375 0.083984375
1 0.1140625 0.408203125 0.13125 0.33984375
1 0.3484375 0.3203125 0.121875 0.513671875
1 0.4546875 0.369140625 0.1140625 0.3984375
5 0.559375 0.48828125 0.05625 0.064453125
5 0.0921875 0.470703125 0.03125 0.060546875
6 0.2125 0.45703125 0.059375 0.056640625
5 0.8796875 0.419921875 0.11875 0.31640625
