5 0.0 0.478515625 0.0421875 0.05078125
3 0.1921875 0.509765625 0.0953125 0.095703125
1 0.34375 0.29296875 0.1390625 0.60546875
1 0.0890625 0.419921875 0.1296875 0.294921875
7 0.60625 0.41796875 0.2796875 0.171875
1 0.484375 0.34375 0.128125 0.486328125
1 0.225 0.44140625 0.0453125 0.06640625
6 0.0390625 0.458984375 0.05625 0.0625
5 0.98125 0.505859375 0.0171875 0.046875
5 0.596875 0.46875 0.1515625 0.1484375
5 0.3421875 0.4921875 0.0296875 0.044921875
7 0.4671875 0.478515625 0.028125 0.052734375
1 0.25625 0.39453125 0.103125 0.310546875
5 0.8234375 0.501953125 0.1671875 0.056640625
