1 0.546875 0.3671875 0.15625 0.44921875
5 0.071875 0.484375 0.034375 0.044921875
1 0.3359375 0.451171875 0.028125 0.0625
1 0.35625 0.4140625 0.0578125 0.26953125
1 0.421875 0.322265625 0.1265625 0.544921875
5 0.6609375 0.46875 0.215625 0.15625
3 0.303125 0.51171875 0.0640625 0.09375
6 0.1734375 0.47265625 0.0546875 0.056640625
5 0.965625 0.525390625 0.0328125 0.041015625
1 0.209375 0.4375 0.109375 0.263671875
7 0.7140625 0.41796875 0.284375 0.185546875
7 0.5421875 0.482421875 0.0421875 0.044921875
5 0.0953125 0.486328125 0.08125 0.046875
