2 0.0 0.44921875 0.04375 0.095703125
1 0.2828125 0.4140625 0.0484375 0.203125
5 0.1328125 0.46875 0.0796875 0.05078125
3 0.3375 0.505859375 0.0703125 0.095703125
5 0.503125 0.482421875 0.046875 0.052734375
1 0.5140625 0.37109375 0.128125 0.369140625
7 0.8609375 0.392578125 0.1375 0.0859375
1 0.3953125 0.337890625 0.109375 0.421875
5 0.1171875 0.466796875 0.0296875 0.048828125
7 0.6359375 0.466796875 0.040625 0.064453125
6 0.221875 0.451171875 0.040625 0.05859375
5 0.7109375 0.443359375 0.2875 0.25390625
1 0.3671875 0.44140625 0.04375 0.05859375
1 0.23125 0.42578125 0.090625 0.2421875
