1 0.4109375 0.330078125 0.125 0.521484375
2 0.0 0.47265625 0.0515625 0.095703125
5 0.1171875 0.486328125 0.0234375 0.041015625
6 0.203125 0.47265625 0.0546875 0.056640625
1 0.353125 0.421875 0.059375 0.236328125
5 0.1328125 0.486328125 0.075 0.046875
5 0.6640625 0.46875 0.2859375 0.17578125
1 0.5625 0.37109375 0.1171875 0.427734375
5 0.5109375 0.49609375 0.0359375 0.05078125
1 0.24375 0.443359375 0.096875 0.24609375
3 0.3296875 0.509765625 0.1015625 0.095703125
7 0.759375 0.416015625 0.2390625 0.201171875
