7 0.575 0.46484375 0.0765625 0.07421875
7 0.978125 0.3359375 0.0203125 0.091796875
5 0.096875 0.46875 0.04375 0.0546875
1 0.35625 0.33984375 0.1046875 0.462890625
1 0.165625 0.416015625 0.109375 0.28515625
6 0.2375 0.455078125 0.034375 0.044921875
1 0.3375 0.453125 0.025 0.05859375
1 0.4703125 0.376953125 0.1171875 0.380859375
1 0.1234375 0.412109375 0.0625 0.228515625
5 0.790625 0.427734375 0.209375 0.251953125
3 0.2921875 0.515625 0.084375 0.123046875
5 0.0859375 0.470703125 0.025 0.052734375
