5 0.1203125 0.486328125 0.03125 0.044921875
5 0.515625 0.5 0.0375 0.048828125
7 0.7796875 0.416015625 0.21875 0.205078125
5 0.14375 0.486328125 0.075 0.046875
2 0.0 0.46875 0.0609375 0.09765625
1 0.384375 0.458984375 0.0328125 0.052734375
1 0.4109375 0.34375 0.1203125 0.490234375
1 0.34375 0.42578125 0.05625 0.224609375
6 0.2140625 0.474609375 0.0515625 0.056640625
1 0.25 0.4453125 0.096875 0.236328125
5 0.6546875 0.46875 0.33125 0.181640625
1 0.546875 0.380859375 0.134375 0.40625
3 0.3390625 0.509765625 0.08125 0.09375
