2 0.0 0.46875 0.053125 0.095703125
1 0.371875 0.462890625 0.0359375 0.05859375
5 0.5 0.501953125 0.05 0.052734375
5 0.69375 0.466796875 0.3046875 0.236328125
1 0.2328125 0.44921875 0.0984375 0.23828125
7 0.6390625 0.48828125 0.0359375 0.064453125
1 0.396875 0.365234375 0.109375 0.435546875
1 0.540625 0.3984375 0.10625 0.376953125
1 0.30625 0.439453125 0.05 0.203125
5 0.140625 0.486328125 0.078125 0.046875
5 0.1234375 0.486328125 0.0296875 0.046875
3 0.34375 0.5234375 0.0609375 0.091796875
7 0.8625 0.408203125 0.1359375 0.11328125
6 0.225 0.470703125 0.0421875 0.05859375
