1 0.3984375 0.34375 0.1078125 0.427734375
5 0.140625 0.47265625 0.078125 0.046875
7 0.8484375 0.392578125 0.15 0.12109375
3 0.346875 0.505859375 0.0609375 0.091796875
5 0.1234375 0.47265625 0.0296875 0.046875
1 0.3109375 0.423828125 0.065625 0.197265625
6 0.225 0.45703125 0.0421875 0.05859375
5 0.5015625 0.486328125 0.05 0.052734375
1 0.5359375 0.37109375 0.1203125 0.375
1 0.2265625 0.43359375 0.1046875 0.23828125
2 0.0 0.453125 0.05625 0.095703125
7 0.646875 0.47265625 0.0265625 0.0625
1 0.371875 0.4453125 0.0390625 0.05859375
5 0.690625 0.451171875 0.3078125 0.224609375
