3 0.3796875 0.525390625 0.0546875 0.0859375
5 0.5109375 0.509765625 0.0515625 0.05078125
1 0.403125 0.36328125 0.1140625 0.455078125
2 0.0 0.482421875 0.065625 0.091796875
1 0.55 0.39453125 0.125 0.38671875
1 0.3828125 0.470703125 0.03125 0.052734375
1 0.25 0.455078125 0.0953125 0.232421875
5 0.6625 0.478515625 0.3359375 0.193359375
5 0.1484375 0.494140625 0.071875 0.046875
7 0.796875 0.423828125 0.2015625 0.12890625
1 0.3296875 0.4453125 0.065625 0.20703125
6 0.221875 0.48046875 0.05 0.056640625
5 0.125 0.49609375 0.03125 0.044921875
