1 0.4109375 0.3515625 0.1078125 0.447265625
5 0.684375 0.458984375 0.3140625 0.216796875
2 0.0 0.4609375 0.0640625 0.09375
1 0.3796875 0.45703125 0.040625 0.0546875
1 0.240625 0.44140625 0.1 0.234375
6 0.228125 0.46484375 0.0453125 0.05859375
5 0.1453125 0.478515625 0.0765625 0.046875
5 0.5109375 0.494140625 0.05625 0.052734375
7 0.825 0.404296875 0.1734375 0.119140625
1 0.328125 0.42578125 0.0515625 0.20703125
1 0.534375 0.3828125 0.1296875 0.38671875
5 0.128125 0.478515625 0.0296875 0.046875
7 0.65 0.48046875 0.021875 0.052734375
3 0.36875 0.51171875 0.0484375 0.064453125
