7 0.840625 0.392578125 0.1578125 0.12109375
1 0.315625 0.42578125 0.0828125 0.20703125
5 0.1421875 0.470703125 0.078125 0.046875
5 0.1234375 0.470703125 0.0296875 0.046875
3 0.3515625 0.50390625 0.0609375 0.091796875
5 0.503125 0.482421875 0.053125 0.052734375
1 0.375 0.4453125 0.040625 0.05859375
2 0.0 0.451171875 0.059375 0.095703125
1 0.225 0.431640625 0.1078125 0.23828125
7 0.65 0.47265625 0.021875 0.0546875
1 0.403125 0.33984375 0.1078125 0.427734375
5 0.6890625 0.451171875 0.309375 0.224609375
6 0.225 0.45703125 0.0421875 0.05859375
1 0.5359375 0.3671875 0.128125 0.375
