5 0.7046875 0.466796875 0.29375 0.244140625
1 0.4 0.365234375 0.109375 0.419921875
2 0.0 0.46875 0.05 0.095703125
5 0.5015625 0.50390625 0.0359375 0.052734375
7 0.85625 0.412109375 0.1421875 0.095703125
7 0.6328125 0.48828125 0.046875 0.064453125
5 0.1203125 0.48828125 0.0296875 0.046875
1 0.3703125 0.462890625 0.0359375 0.05859375
5 0.1375 0.48828125 0.0796875 0.048828125
1 0.2359375 0.4453125 0.0890625 0.244140625
1 0.528125 0.396484375 0.1140625 0.3671875
6 0.2234375 0.47265625 0.040625 0.05859375
1 0.29375 0.443359375 0.046875 0.203125
3 0.3390625 0.5234375 0.0703125 0.095703125
