2 0.0 0.482421875 0.0265625 0.060546875
7 0.8828125 0.380859375 0.115625 0.080078125
1 0.38125 0.341796875 0.1015625 0.4375
5 0.5046875 0.48828125 0.0390625 0.0546875
1 0.5109375 0.373046875 0.1328125 0.3828125
3 0.321875 0.509765625 0.0640625 0.1015625
5 0.1234375 0.46875 0.0796875 0.05078125
1 0.35625 0.443359375 0.0296875 0.064453125
6 0.2140625 0.453125 0.0296875 0.060546875
1 0.2109375 0.42578125 0.1109375 0.251953125
5 0.71875 0.4453125 0.2796875 0.271484375
5 0.1046875 0.46875 0.0296875 0.048828125
7 0.64375 0.47265625 0.034375 0.0625
