3 0.3296875 0.517578125 0.0703125 0.09765625
5 0.1296875 0.4765625 0.0796875 0.05078125
5 0.50625 0.49609375 0.0421875 0.0546875
7 0.8703125 0.396484375 0.128125 0.0859375
1 0.515625 0.38671875 0.1328125 0.3828125
5 0.7125 0.451171875 0.2859375 0.271484375
7 0.640625 0.48046875 0.040625 0.064453125
1 0.390625 0.357421875 0.109375 0.435546875
1 0.2234375 0.435546875 0.1015625 0.2421875
1 0.26875 0.421875 0.0296875 0.07421875
1 0.3640625 0.451171875 0.0421875 0.0625
2 0.0 0.4765625 0.0375 0.08203125
6 0.21875 0.4609375 0.040625 0.060546875
5 0.1125 0.4765625 0.0296875 0.048828125
