1 0.4140625 0.3515625 0.1078125 0.4375
5 0.5140625 0.498046875 0.053125 0.05078125
5 0.6796875 0.46484375 0.31875 0.208984375
3 0.375 0.517578125 0.0484375 0.064453125
5 0.1484375 0.482421875 0.0734375 0.046875
1 0.3375 0.431640625 0.0453125 0.216796875
7 0.8171875 0.408203125 0.18125 0.123046875
1 0.534375 0.384765625 0.1234375 0.37890625
1 0.246875 0.4453125 0.0953125 0.234375
1 0.3796875 0.462890625 0.04375 0.0546875
5 0.128125 0.484375 0.03125 0.046875
6 0.2296875 0.470703125 0.0453125 0.056640625
2 0.0 0.466796875 0.065625 0.087890625
