1 0.5546875 0.375 0.134375 0.40625
5 0.5140625 0.490234375 0.046875 0.046875
1 0.2515625 0.4375 0.1 0.236328125
7 0.784375 0.40234375 0.2140625 0.205078125
2 0.015625 0.462890625 0.053125 0.095703125
6 0.21875 0.462890625 0.05 0.056640625
1 0.4109375 0.34375 0.11875 0.47265625
5 0.1453125 0.478515625 0.075 0.046875
5 0.6625 0.458984375 0.3359375 0.181640625
1 0.3421875 0.416015625 0.05625 0.224609375
5 0.125 0.4765625 0.03125 0.044921875
1 0.3859375 0.447265625 0.0375 0.052734375
3 0.3421875 0.498046875 0.08125 0.09375
