5 0.1359375 0.482421875 0.075 0.046875
1 0.4125 0.328125 0.1203125 0.48046875
6 0.2078125 0.466796875 0.0546875 0.056640625
5 0.11875 0.482421875 0.0265625 0.041015625
3 0.3328125 0.501953125 0.0921875 0.095703125
1 0.35 0.41796875 0.0609375 0.236328125
1 0.5546875 0.3671875 0.1203125 0.400390625
7 0.765625 0.408203125 0.2328125 0.201171875
5 0.6609375 0.462890625 0.2984375 0.177734375
1 0.246875 0.44140625 0.0921875 0.236328125
2 0.0 0.47265625 0.0578125 0.09375
5 0.5078125 0.494140625 0.04375 0.046875
