1 0.3390625 0.423828125 0.0453125 0.216796875
7 0.815625 0.40234375 0.1828125 0.123046875
1 0.5390625 0.376953125 0.1171875 0.37890625
5 0.6734375 0.458984375 0.325 0.203125
5 0.5125 0.4921875 0.05625 0.052734375
5 0.1484375 0.478515625 0.0734375 0.046875
5 0.1296875 0.478515625 0.03125 0.046875
6 0.228125 0.46484375 0.046875 0.056640625
1 0.2453125 0.435546875 0.096875 0.23828125
2 0.0 0.4609375 0.0671875 0.087890625
1 0.38125 0.45703125 0.04375 0.0546875
3 0.3765625 0.51171875 0.0484375 0.064453125
1 0.4140625 0.345703125 0.1078125 0.4375
