7 0.63125 0.494140625 0.0453125 0.064453125
1 0.5359375 0.404296875 0.10625 0.376953125
5 0.6984375 0.47265625 0.3 0.236328125
1 0.3984375 0.375 0.109375 0.435546875
7 0.8484375 0.41015625 0.15 0.107421875
1 0.371875 0.46875 0.0359375 0.05859375
2 0.0 0.474609375 0.0515625 0.095703125
5 0.1390625 0.494140625 0.078125 0.046875
5 0.121875 0.494140625 0.0296875 0.046875
1 0.303125 0.44921875 0.0453125 0.203125
3 0.3421875 0.533203125 0.0671875 0.09375
1 0.234375 0.44921875 0.09375 0.244140625
6 0.2234375 0.478515625 0.0421875 0.05859375
5 0.5 0.5078125 0.046875 0.052734375
