1 0.4671875 0.369140625 0.1234375 0.384765625
6 0.2171875 0.455078125 0.0578125 0.060546875
5 0.5625 0.494140625 0.0484375 0.05078125
1 0.1328125 0.408203125 0.128125 0.3125
7 0.5765625 0.455078125 0.1203125 0.076171875
1 0.3296875 0.4296875 0.0359375 0.083984375
3 0.28125 0.51171875 0.1 0.142578125
5 0.09375 0.47265625 0.025 0.056640625
5 0.853125 0.4140625 0.1453125 0.294921875
5 0.0875 0.47265625 0.0140625 0.0546875
1 0.353125 0.3203125 0.121875 0.505859375
1 0.1140625 0.419921875 0.05 0.2421875
