1 0.225 0.4296875 0.1078125 0.23828125
7 0.65 0.470703125 0.025 0.0625
1 0.375 0.4453125 0.0390625 0.05859375
5 0.690625 0.451171875 0.3078125 0.224609375
2 0.0 0.451171875 0.0578125 0.095703125
5 0.5015625 0.484375 0.053125 0.052734375
1 0.3140625 0.423828125 0.0703125 0.205078125
6 0.2265625 0.455078125 0.0421875 0.05859375
1 0.534375 0.37109375 0.128125 0.375
5 0.1421875 0.470703125 0.078125 0.046875
1 0.4046875 0.337890625 0.1078125 0.427734375
5 0.1234375 0.470703125 0.0296875 0.046875
3 0.3484375 0.50390625 0.0609375 0.091796875
7 0.8421875 0.392578125 0.15625 0.12109375
