7 0.65 0.486328125 0.0203125 0.052734375
6 0.2296875 0.46875 0.04375 0.05859375
5 0.146875 0.482421875 0.0765625 0.046875
5 0.675 0.46484375 0.3234375 0.21484375
7 0.821875 0.408203125 0.1765625 0.123046875
3 0.371875 0.517578125 0.0484375 0.064453125
1 0.33125 0.427734375 0.05 0.20703125
5 0.5125 0.5 0.05625 0.052734375
5 0.128125 0.482421875 0.03125 0.046875
2 0.00625 0.46484375 0.059375 0.091796875
1 0.3796875 0.462890625 0.04375 0.0546875
1 0.53125 0.3828125 0.1296875 0.38671875
1 0.4125 0.35546875 0.1078125 0.447265625
1 0.2453125 0.4453125 0.096875 0.234375
