6 0.2140625 0.451171875 0.0296875 0.060546875
5 0.1078125 0.466796875 0.0296875 0.048828125
2 0.0 0.478515625 0.028125 0.064453125
7 0.6421875 0.470703125 0.0375 0.0625
5 0.7171875 0.443359375 0.28125 0.271484375
1 0.359375 0.439453125 0.03125 0.06640625
5 0.125 0.46875 0.0796875 0.05078125
7 0.8765625 0.384765625 0.121875 0.076171875
5 0.503125 0.482421875 0.0390625 0.056640625
3 0.325 0.5078125 0.0703125 0.1015625
1 0.38125 0.34375 0.1015625 0.4375
1 0.5140625 0.373046875 0.1328125 0.3828125
1 0.2125 0.423828125 0.115625 0.255859375
