5 0.503125 0.482421875 0.0515625 0.052734375
1 0.3109375 0.421875 0.0875 0.20703125
5 0.125 0.470703125 0.0296875 0.046875
5 0.14375 0.470703125 0.0765625 0.046875
7 0.834375 0.392578125 0.165625 0.119140625
3 0.359375 0.501953125 0.0578125 0.091796875
5 0.6890625 0.451171875 0.309375 0.216796875
7 0.65 0.470703125 0.0234375 0.0546875
1 0.40625 0.341796875 0.1078125 0.447265625
1 0.38125 0.4453125 0.0359375 0.056640625
6 0.2265625 0.455078125 0.0421875 0.05859375
2 0.0 0.451171875 0.0609375 0.09375
1 0.23125 0.427734375 0.1078125 0.2421875
1 0.5328125 0.369140625 0.1296875 0.38671875
