5 0.6953125 0.470703125 0.303125 0.236328125
1 0.3078125 0.443359375 0.0453125 0.203125
7 0.86875 0.412109375 0.1296875 0.11328125
1 0.5390625 0.404296875 0.10625 0.376953125
3 0.34375 0.52734375 0.0609375 0.091796875
5 0.121875 0.4921875 0.0296875 0.046875
5 0.140625 0.4921875 0.078125 0.046875
2 0.0 0.47265625 0.053125 0.095703125
1 0.371875 0.46875 0.0359375 0.05859375
1 0.4015625 0.37109375 0.109375 0.435546875
1 0.23125 0.451171875 0.096875 0.23828125
6 0.2234375 0.4765625 0.0421875 0.05859375
7 0.634375 0.4921875 0.0421875 0.064453125
5 0.5 0.5078125 0.05 0.052734375
