1 0.4453125 0.333984375 0.140625 0.494140625
5 0.45625 0.46484375 0.2421875 0.140625
1 0.0296875 0.412109375 0.1453125 0.322265625
6 0.0 0.458984375 0.0390625 0.060546875
1 0.309375 0.279296875 0.153125 0.63671875
5 0.3046875 0.48828125 0.0421875 0.048828125
5 0.934375 0.470703125 0.0640625 0.07421875
5 0.7734375 0.498046875 0.1640625 0.05078125
7 0.5765625 0.4140625 0.24375 0.166015625
1 0.1734375 0.435546875 0.053125 0.06640625
1 0.2234375 0.37890625 0.0875 0.330078125
3 0.1484375 0.505859375 0.10625 0.095703125
