2 0.0 0.4765625 0.053125 0.091796875
3 0.3796875 0.5234375 0.0546875 0.0859375
1 0.4078125 0.36328125 0.1140625 0.455078125
1 0.384375 0.470703125 0.03125 0.052734375
1 0.2515625 0.453125 0.0953125 0.232421875
5 0.5109375 0.5078125 0.0515625 0.05078125
6 0.221875 0.478515625 0.05 0.056640625
1 0.5546875 0.396484375 0.109375 0.388671875
5 0.6671875 0.474609375 0.33125 0.197265625
5 0.125 0.4921875 0.0328125 0.046875
1 0.334375 0.4375 0.059375 0.2109375
7 0.8015625 0.421875 0.196875 0.125
5 0.146875 0.494140625 0.071875 0.046875
