1 0.534375 0.380859375 0.1296875 0.38671875
5 0.1265625 0.474609375 0.0296875 0.046875
5 0.14375 0.47265625 0.0765625 0.046875
1 0.3203125 0.423828125 0.071875 0.20703125
6 0.228125 0.458984375 0.0453125 0.05859375
5 0.5078125 0.486328125 0.059375 0.052734375
3 0.3671875 0.5078125 0.05 0.0703125
7 0.6484375 0.474609375 0.0234375 0.0546875
7 0.8265625 0.396484375 0.171875 0.119140625
5 0.684375 0.453125 0.3140625 0.21875
2 0.0 0.455078125 0.0640625 0.09375
1 0.378125 0.451171875 0.0421875 0.0546875
1 0.4078125 0.349609375 0.1078125 0.447265625
1 0.2359375 0.435546875 0.1046875 0.23828125
