5 0.1171875 0.4921875 0.03125 0.04296875
7 0.7734375 0.41796875 0.225 0.205078125
1 0.2484375 0.44921875 0.096875 0.236328125
2 0.0 0.4765625 0.059375 0.09375
1 0.3828125 0.4609375 0.03125 0.0546875
5 0.65 0.47265625 0.321875 0.1796875
5 0.5078125 0.50390625 0.0453125 0.046875
1 0.5421875 0.37890625 0.134375 0.40625
5 0.1390625 0.48828125 0.075 0.046875
3 0.3359375 0.51171875 0.084375 0.095703125
6 0.2109375 0.4765625 0.05 0.056640625
1 0.4125 0.337890625 0.1203125 0.490234375
1 0.34375 0.4296875 0.0609375 0.236328125
