7 0.6390625 0.474609375 0.040625 0.064453125
5 0.1140625 0.47265625 0.0296875 0.048828125
1 0.5140625 0.380859375 0.13125 0.380859375
1 0.271875 0.4140625 0.0296875 0.072265625
6 0.2203125 0.45703125 0.040625 0.05859375
1 0.225 0.4296875 0.09375 0.2421875
1 0.3640625 0.447265625 0.0421875 0.0625
1 0.390625 0.34765625 0.109375 0.435546875
5 0.13125 0.470703125 0.0796875 0.05078125
3 0.33125 0.51171875 0.0703125 0.09765625
5 0.709375 0.451171875 0.2890625 0.263671875
7 0.86875 0.39453125 0.1296875 0.0859375
5 0.50625 0.490234375 0.0421875 0.0546875
2 0.0 0.453125 0.0375 0.099609375
