5 0.6734375 0.458984375 0.325 0.203125
1 0.3390625 0.421875 0.0453125 0.216796875
5 0.1296875 0.4765625 0.03125 0.046875
6 0.228125 0.46484375 0.046875 0.056640625
1 0.38125 0.455078125 0.04375 0.052734375
2 0.0 0.458984375 0.0671875 0.0859375
1 0.253125 0.439453125 0.090625 0.228515625
1 0.409375 0.34765625 0.1140625 0.455078125
1 0.546875 0.375 0.109375 0.388671875
5 0.5109375 0.4921875 0.046875 0.048828125
7 0.8109375 0.40234375 0.1875 0.123046875
3 0.378125 0.509765625 0.046875 0.064453125
5 0.15 0.478515625 0.071875 0.046875
