5 0.090625 0.474609375 0.0234375 0.05859375
1 0.3546875 0.330078125 0.1234375 0.490234375
1 0.3296875 0.435546875 0.0359375 0.08203125
1 0.1421875 0.41796875 0.1375 0.294921875
1 0.46875 0.375 0.1203125 0.392578125
5 0.8234375 0.419921875 0.175 0.28515625
3 0.2796875 0.521484375 0.096875 0.1328125
1 0.1109375 0.419921875 0.05 0.2421875
5 0.0828125 0.4765625 0.0171875 0.0546875
7 0.56875 0.46484375 0.10625 0.076171875
5 0.5578125 0.501953125 0.040625 0.048828125
6 0.2234375 0.46484375 0.05 0.0546875
