1 0.234375 0.453125 0.09375 0.244140625
5 0.1390625 0.494140625 0.078125 0.046875
3 0.340625 0.53125 0.0703125 0.095703125
1 0.2984375 0.451171875 0.0453125 0.203125
7 0.63125 0.494140625 0.046875 0.064453125
5 0.121875 0.4921875 0.0296875 0.046875
7 0.853125 0.412109375 0.1453125 0.103515625
1 0.3703125 0.46875 0.0359375 0.05859375
1 0.5328125 0.40234375 0.10625 0.376953125
5 0.5015625 0.509765625 0.040625 0.052734375
1 0.3984375 0.37109375 0.109375 0.435546875
6 0.2234375 0.4765625 0.0421875 0.05859375
2 0.0 0.47265625 0.05 0.095703125
5 0.7015625 0.470703125 0.296875 0.244140625
