7 0.859375 0.404296875 0.1390625 0.0859375
5 0.11875 0.4765625 0.0296875 0.046875
1 0.234375 0.43359375 0.090625 0.2421875
5 0.70625 0.455078125 0.2921875 0.244140625
5 0.134375 0.4765625 0.0796875 0.048828125
6 0.2234375 0.4609375 0.040625 0.05859375
1 0.3984375 0.35546875 0.109375 0.41015625
1 0.36875 0.451171875 0.0421875 0.05859375
1 0.5234375 0.37890625 0.1171875 0.3671875
7 0.634375 0.4765625 0.046875 0.064453125
2 0.0 0.45703125 0.0484375 0.095703125
3 0.3375 0.513671875 0.0734375 0.09375
1 0.2875 0.427734375 0.0484375 0.20703125
5 0.5015625 0.490234375 0.0484375 0.052734375
