5 0.709375 0.443359375 0.2890625 0.255859375
1 0.396875 0.3359375 0.109375 0.435546875
1 0.365625 0.439453125 0.0421875 0.060546875
5 0.1140625 0.466796875 0.0296875 0.048828125
7 0.6359375 0.46875 0.040625 0.064453125
1 0.2796875 0.412109375 0.0328125 0.091796875
3 0.334375 0.50390625 0.071875 0.09765625
2 0.0 0.4453125 0.0421875 0.099609375
7 0.865625 0.37890625 0.1328125 0.09375
1 0.5109375 0.3671875 0.13125 0.380859375
5 0.13125 0.466796875 0.0796875 0.05078125
1 0.2296875 0.423828125 0.0921875 0.2421875
6 0.2203125 0.451171875 0.040625 0.05859375
5 0.50625 0.482421875 0.0421875 0.0546875
