1 0.371875 0.455078125 0.0390625 0.05859375
1 0.540625 0.3828125 0.1109375 0.375
2 0.0 0.4609375 0.05625 0.095703125
1 0.228125 0.443359375 0.1046875 0.23828125
6 0.225 0.462890625 0.0421875 0.05859375
7 0.646875 0.478515625 0.028125 0.0625
5 0.140625 0.478515625 0.078125 0.046875
5 0.5015625 0.4921875 0.05 0.052734375
3 0.3453125 0.513671875 0.0609375 0.091796875
7 0.8484375 0.3984375 0.15 0.12109375
5 0.6921875 0.453125 0.30625 0.236328125
1 0.4 0.349609375 0.109375 0.435546875
5 0.121875 0.478515625 0.0296875 0.046875
1 0.3140625 0.427734375 0.05 0.203125
