1 0.4171875 0.341796875 0.1078125 0.4375
2 0.0 0.455078125 0.06875 0.087890625
1 0.25 0.43359375 0.09375 0.232421875
5 0.5125 0.490234375 0.0421875 0.048828125
3 0.3765625 0.5078125 0.0484375 0.064453125
5 0.1484375 0.470703125 0.071875 0.046875
1 0.3796875 0.451171875 0.0453125 0.052734375
1 0.5453125 0.369140625 0.1109375 0.37890625
5 0.1296875 0.474609375 0.03125 0.046875
1 0.340625 0.421875 0.0453125 0.216796875
6 0.228125 0.458984375 0.046875 0.056640625
5 0.6734375 0.455078125 0.325 0.203125
7 0.8140625 0.400390625 0.184375 0.123046875
