7 0.7296875 0.41015625 0.26875 0.197265625
6 0.18125 0.46484375 0.0546875 0.056640625
5 0.9828125 0.52734375 0.015625 0.0234375
1 0.546875 0.35546875 0.1515625 0.435546875
1 0.2109375 0.43359375 0.1140625 0.263671875
3 0.3078125 0.5078125 0.10625 0.09375
1 0.3421875 0.447265625 0.0265625 0.060546875
1 0.4109375 0.30859375 0.125 0.521484375
5 0.115625 0.48046875 0.065625 0.044921875
7 0.55 0.4765625 0.0234375 0.041015625
1 0.3546875 0.404296875 0.0625 0.259765625
5 0.665625 0.462890625 0.2296875 0.162109375
5 0.0828125 0.48046875 0.025 0.04296875
