5 0.1484375 0.4921875 0.071875 0.046875
1 0.546875 0.388671875 0.125 0.38671875
5 0.6671875 0.47265625 0.33125 0.19140625
3 0.3796875 0.51953125 0.0546875 0.08984375
7 0.7953125 0.41796875 0.203125 0.130859375
1 0.3296875 0.439453125 0.0671875 0.21875
6 0.221875 0.478515625 0.05 0.056640625
2 0.0 0.478515625 0.06875 0.091796875
1 0.25 0.451171875 0.1 0.236328125
1 0.3828125 0.466796875 0.03125 0.052734375
5 0.1265625 0.4921875 0.03125 0.044921875
1 0.403125 0.353515625 0.1140625 0.455078125
5 0.509375 0.505859375 0.0515625 0.05078125
