7 0.45625 0.474609375 0.03125 0.05859375
5 0.80625 0.50390625 0.1671875 0.05078125
1 0.4734375 0.34375 0.128125 0.486328125
5 0.33125 0.490234375 0.0359375 0.046875
5 0.9609375 0.49609375 0.0375 0.060546875
1 0.246875 0.390625 0.1015625 0.314453125
3 0.178125 0.505859375 0.0984375 0.09765625
5 0.0 0.4921875 0.0234375 0.037109375
6 0.01875 0.45703125 0.05625 0.0625
1 0.33125 0.2890625 0.1453125 0.625
5 0.5875 0.46484375 0.1453125 0.1484375
1 0.0671875 0.419921875 0.1359375 0.30078125
1 0.2078125 0.439453125 0.046875 0.06640625
7 0.59375 0.416015625 0.2796875 0.171875
