6 0.21875 0.466796875 0.05 0.056640625
5 0.1453125 0.482421875 0.0734375 0.046875
1 0.55 0.375 0.134375 0.40625
1 0.3390625 0.421875 0.0625 0.2265625
1 0.4046875 0.345703125 0.1125 0.478515625
3 0.3421875 0.50390625 0.0734375 0.09375
5 0.1234375 0.482421875 0.03125 0.044921875
2 0.0078125 0.466796875 0.0578125 0.095703125
5 0.6609375 0.4609375 0.3375 0.1875
7 0.7875 0.408203125 0.2109375 0.205078125
1 0.2453125 0.439453125 0.103125 0.236328125
5 0.5078125 0.494140625 0.0515625 0.048828125
1 0.3828125 0.453125 0.034375 0.052734375
