7 0.6484375 0.4765625 0.0328125 0.0625
1 0.2046875 0.427734375 0.1140625 0.255859375
1 0.2171875 0.421875 0.0390625 0.158203125
5 0.1 0.47265625 0.0296875 0.048828125
1 0.5015625 0.37890625 0.1328125 0.376953125
5 0.50625 0.4921875 0.0328125 0.052734375
2 0.0 0.494140625 0.021875 0.05078125
5 0.7234375 0.447265625 0.275 0.26953125
1 0.3703125 0.34765625 0.10625 0.4296875
7 0.890625 0.375 0.1078125 0.087890625
5 0.1203125 0.47265625 0.0796875 0.05078125
3 0.31875 0.509765625 0.078125 0.107421875
