5 0.65 0.470703125 0.215625 0.15625
6 0.1640625 0.47265625 0.053125 0.056640625
7 0.7078125 0.421875 0.290625 0.185546875
7 0.5328125 0.482421875 0.0453125 0.0546875
5 0.0875 0.48828125 0.08125 0.046875
3 0.2953125 0.513671875 0.071875 0.091796875
1 0.2 0.435546875 0.1140625 0.265625
5 0.9546875 0.525390625 0.04375 0.044921875
1 0.5375 0.365234375 0.1578125 0.4609375
1 0.328125 0.453125 0.028125 0.0625
1 0.3515625 0.41796875 0.0578125 0.26953125
1 0.41875 0.322265625 0.1265625 0.55078125
5 0.0625 0.486328125 0.0359375 0.044921875
