1 0.4078125 0.33984375 0.11875 0.47265625
6 0.2171875 0.462890625 0.046875 0.056640625
1 0.3421875 0.41796875 0.05625 0.224609375
3 0.340625 0.501953125 0.08125 0.09375
1 0.3859375 0.44921875 0.0328125 0.052734375
2 0.0171875 0.458984375 0.05 0.09765625
1 0.25 0.4375 0.0984375 0.234375
5 0.1453125 0.4765625 0.075 0.046875
5 0.5171875 0.490234375 0.0421875 0.048828125
5 0.1234375 0.4765625 0.03125 0.044921875
5 0.6578125 0.4609375 0.334375 0.181640625
1 0.546875 0.37109375 0.134375 0.40625
7 0.78125 0.404296875 0.2171875 0.205078125
