5 0.6609375 0.4609375 0.3375 0.1875
1 0.24375 0.439453125 0.1015625 0.236328125
1 0.3796875 0.453125 0.034375 0.052734375
5 0.50625 0.494140625 0.053125 0.048828125
3 0.3390625 0.50390625 0.0734375 0.08984375
6 0.21875 0.46484375 0.05 0.056640625
5 0.1203125 0.478515625 0.03125 0.044921875
1 0.403125 0.3359375 0.1125 0.46484375
1 0.3328125 0.419921875 0.06875 0.2265625
2 0.0 0.462890625 0.0609375 0.095703125
7 0.7828125 0.408203125 0.215625 0.158203125
1 0.5484375 0.37109375 0.1328125 0.390625
5 0.1421875 0.478515625 0.0734375 0.046875
