6 0.1765625 0.46484375 0.0546875 0.056640625
1 0.2125 0.431640625 0.1109375 0.263671875
1 0.55 0.35546875 0.15625 0.44921875
5 0.6625 0.4609375 0.2234375 0.16015625
3 0.3046875 0.505859375 0.1046875 0.09375
5 0.078125 0.4765625 0.034375 0.044921875
1 0.3390625 0.4453125 0.028125 0.0625
5 0.115625 0.48046875 0.065625 0.044921875
7 0.5453125 0.474609375 0.0421875 0.044921875
7 0.721875 0.41015625 0.2765625 0.185546875
5 0.9734375 0.51953125 0.025 0.041015625
1 0.3546875 0.404296875 0.0609375 0.259765625
1 0.421875 0.314453125 0.1265625 0.544921875
