3 0.3765625 0.509765625 0.046875 0.064453125
5 0.15 0.478515625 0.071875 0.046875
1 0.409375 0.3515625 0.1140625 0.455078125
5 0.5109375 0.4921875 0.0484375 0.05078125
7 0.8078125 0.404296875 0.190625 0.123046875
1 0.38125 0.455078125 0.0421875 0.052734375
2 0.0 0.458984375 0.0703125 0.08984375
1 0.2515625 0.4375 0.0921875 0.232421875
1 0.55 0.380859375 0.109375 0.388671875
6 0.225 0.46484375 0.05 0.056640625
5 0.128125 0.4765625 0.03125 0.046875
1 0.334375 0.42578125 0.05625 0.2109375
5 0.6734375 0.458984375 0.325 0.203125
