7 0.8546875 0.404296875 0.14375 0.12109375
1 0.3125 0.431640625 0.05 0.203125
1 0.5390625 0.390625 0.1109375 0.375
5 0.121875 0.482421875 0.0296875 0.046875
5 0.140625 0.482421875 0.078125 0.046875
3 0.34375 0.51953125 0.0609375 0.091796875
5 0.69375 0.4609375 0.3046875 0.236328125
1 0.371875 0.458984375 0.0359375 0.05859375
5 0.5015625 0.498046875 0.05 0.052734375
7 0.64375 0.484375 0.03125 0.0625
1 0.23125 0.4453125 0.0984375 0.23828125
1 0.396875 0.357421875 0.109375 0.435546875
2 0.0 0.46484375 0.0546875 0.095703125
6 0.225 0.46875 0.0421875 0.05859375
