1 0.35 0.322265625 0.1296875 0.537109375
5 0.0953125 0.4765625 0.0265625 0.060546875
1 0.1203125 0.42578125 0.04375 0.16796875
1 0.3265625 0.435546875 0.0375 0.087890625
5 0.0859375 0.478515625 0.0125 0.05859375
1 0.109375 0.4140625 0.13125 0.33984375
7 0.58125 0.466796875 0.140625 0.08203125
3 0.2734375 0.529296875 0.1 0.142578125
6 0.2140625 0.4609375 0.059375 0.056640625
1 0.4578125 0.375 0.1125 0.388671875
5 0.559375 0.494140625 0.0609375 0.064453125
5 0.8953125 0.4296875 0.103125 0.31640625
