1 0.553125 0.388671875 0.109375 0.388671875
1 0.334375 0.431640625 0.0578125 0.2109375
5 0.128125 0.484375 0.03125 0.046875
6 0.2234375 0.470703125 0.05 0.056640625
1 0.2515625 0.447265625 0.0953125 0.232421875
5 0.1484375 0.484375 0.071875 0.046875
5 0.5125 0.5 0.05 0.05078125
1 0.4078125 0.35546875 0.1140625 0.455078125
2 0.0 0.466796875 0.06875 0.09375
3 0.3796875 0.515625 0.0421875 0.060546875
7 0.8046875 0.4140625 0.19375 0.123046875
5 0.6703125 0.46484375 0.328125 0.201171875
1 0.38125 0.4609375 0.0375 0.0546875
