5 0.0796875 0.47265625 0.0171875 0.0546875
5 0.55625 0.5 0.040625 0.048828125
1 0.1421875 0.412109375 0.1375 0.294921875
1 0.465625 0.376953125 0.1203125 0.388671875
1 0.1109375 0.416015625 0.05 0.2421875
1 0.328125 0.431640625 0.0390625 0.08203125
5 0.0875 0.47265625 0.028125 0.05859375
5 0.815625 0.419921875 0.1828125 0.28125
1 0.3546875 0.328125 0.1171875 0.482421875
7 0.565625 0.458984375 0.10625 0.076171875
6 0.2234375 0.458984375 0.046875 0.056640625
3 0.278125 0.517578125 0.096875 0.1328125
